0,0.3908,0.2077
1,0.3908,0.4533
2,0.3917,0.4208
3,0.3908,0.2993
4,0.3908,0.4005
5,0.4146,0.4401
6,0.5387,0.6100
7,0.5836,0.8592
8,0.6056,0.9305
9,0.6127,0.9472
10,0.6136,0.9498
11,0.6206,0.9481
12,0.6206,0.9586
13,0.6224,0.9533
14,0.6232,0.9551
15,0.6250,0.9595
16,0.6268,0.9481
17,0.6285,0.9621
18,0.6285,0.9657
19,0.6338,0.9683
20,0.6373,0.9683
21,0.6373,0.9674
22,0.6391,0.9665
23,0.6391,0.9674
24,0.6356,0.9683
25,0.6356,0.9639
26,0.6364,0.9736
27,0.6356,0.9692
28,0.6329,0.9754
29,0.6382,0.9701
30,0.6400,0.9718
31,0.6417,0.9718
32,0.6417,0.9754
33,0.6435,0.9710
34,0.6452,0.9736
35,0.6444,0.9745
36,0.6461,0.9754
37,0.6479,0.9762
38,0.6514,0.9771
39,0.6540,0.9754
40,0.6532,0.9736
41,0.6523,0.9771
42,0.6514,0.9754
43,0.6514,0.9727
44,0.6523,0.9771
45,0.6549,0.9762
46,0.6505,0.9745
47,0.6532,0.9780
48,0.6540,0.9780
49,0.6496,0.9780
50,0.6479,0.9762
51,0.6496,0.9780
52,0.6505,0.9780
53,0.6523,0.9745
54,0.6523,0.9789
55,0.6532,0.9762
56,0.6514,0.9780
57,0.6532,0.9806
58,0.6514,0.9789
59,0.6523,0.9780
60,0.6523,0.9780
61,0.6523,0.9780
62,0.6532,0.9771
63,0.6523,0.9789
64,0.6532,0.9780
65,0.6532,0.9789
66,0.6540,0.9798
67,0.6549,0.9815
68,0.6540,0.9815
69,0.6549,0.9798
70,0.6558,0.9806
71,0.6567,0.9798
72,0.6558,0.9798
73,0.6567,0.9789
74,0.6567,0.9806
75,0.6558,0.9798
76,0.6576,0.9806
77,0.6611,0.9798
78,0.6593,0.9798
79,0.6585,0.9806
80,0.6602,0.9798
81,0.6576,0.9806
82,0.6593,0.9806
83,0.6576,0.9806
84,0.6593,0.9806
85,0.6593,0.9798
86,0.6593,0.9798
87,0.6585,0.9806
88,0.6593,0.9806
89,0.6576,0.9789
90,0.6567,0.9806
91,0.6567,0.9798
92,0.6593,0.9824
93,0.6532,0.9824
94,0.6532,0.9824
95,0.6523,0.9815
96,0.6496,0.9806
97,0.6523,0.9806
98,0.6479,0.9798
99,0.6488,0.9815
